
===================== Span-Based Correction ======================
Category       TP       FP       FN       P        R        F0.5
ADJ            3        7        36       0.3      0.0769   0.1899
ADJ:FORM       5        0        4        1.0      0.5556   0.8621
ADV            7        5        30       0.5833   0.1892   0.4118
CONJ           1        0        14       1.0      0.0667   0.2632
CONTR          0        0        1        1.0      0.0      0.0
DET            204      81       194      0.7158   0.5126   0.6632
MORPH          28       15       60       0.6512   0.3182   0.5385
NOUN           16       4        98       0.8      0.1404   0.4124
NOUN:INFL      6        3        0        0.6667   1.0      0.7143
NOUN:NUM       134      25       69       0.8428   0.6601   0.7986
NOUN:POSS      6        4        15       0.6      0.2857   0.4918
ORTH           15       7        24       0.6818   0.3846   0.5906
OTHER          20       30       340      0.4      0.0556   0.1786
PART           21       9        16       0.7      0.5676   0.6688
PREP           110      36       151      0.7534   0.4215   0.6509
PRON           13       7        47       0.65     0.2167   0.4643
PUNCT          102      48       102      0.68     0.5      0.6343
SPELL          50       7        39       0.8772   0.5618   0.7886
VERB           35       17       131      0.6731   0.2108   0.4679
VERB:FORM      70       28       39       0.7143   0.6422   0.6986
VERB:INFL      1        0        1        1.0      0.5      0.8333
VERB:SVA       80       16       37       0.8333   0.6838   0.7984
VERB:TENSE     63       25       114      0.7159   0.3559   0.5955
WO             6        2        15       0.75     0.2857   0.566

=========== Span-Based Correction ============
TP	FP	FN	Prec	Rec	F0.5
996	376	1577	0.7259	0.3871	0.6178
==============================================

