
===================== Span-Based Correction ======================
Category       TP       FP       FN       P        R        F0.5
ADJ            3        3        22       0.5      0.12     0.3061
ADJ:FORM       2        0        5        1.0      0.2857   0.6667
ADV            1        1        31       0.5      0.0312   0.125
CONJ           0        0        10       1.0      0.0      0.0
CONTR          0        1        1        0.0      0.0      0.0
DET            14       3        326      0.8235   0.0412   0.1716
MORPH          7        21       74       0.25     0.0864   0.1813
NOUN           1        8        90       0.1111   0.011    0.0394
NOUN:INFL      5        0        3        1.0      0.625    0.8929
NOUN:NUM       4        5        155      0.4444   0.0252   0.1026
NOUN:POSS      1        3        16       0.25     0.0588   0.1515
ORTH           46       197      18       0.1893   0.7188   0.222
OTHER          6        26       358      0.1875   0.0165   0.061
PART           0        0        17       1.0      0.0      0.0
PREP           10       7        195      0.5882   0.0488   0.1832
PRON           1        1        49       0.5      0.02     0.0862
PUNCT          27       100      107      0.2126   0.2015   0.2103
SPELL          84       48       17       0.6364   0.8317   0.6677
VERB           2        3        141      0.4      0.014    0.0613
VERB:FORM      17       6        66       0.7391   0.2048   0.4857
VERB:INFL      1        1        1        0.5      0.5      0.5
VERB:SVA       8        6        82       0.5714   0.0889   0.274
VERB:TENSE     2        2        163      0.5      0.0121   0.0552
WO             0        0        11       1.0      0.0      0.0

=========== Span-Based Correction ============
TP	FP	FN	Prec	Rec	F0.5
242	442	1958	0.3538	0.11	0.2451
==============================================

